28
29
30
31
32
33
34
35
36
37
38
39
40
41
42
43
44
45
46
47
48
49
50
51
52
53
57
58
60
62
63
65
66
67
68
69
70
71
72
76
77
78
79
80
82
84
85
86
88
89
94
96
99
102
103
105
106
108
109
112
113
116
121
122
123
125
126
127
129
130
131
137
140
142
143
144
147
148
150
153
154
155
161
164
165
166
167
171
177
181
182
183
186
187
190
194
195
198
199
200
201
203
204
206
207
215
216
218
219
221
222
224
226
228
231
232
235
236
237
238
240
243
244
245
246
249
251
252
255
263
265
269
272
276
279
280
282
284
286
287
288
290
292
293
294
297
299
300
302
306
